UNITS MM,10000; 
EDIT proj; 
ADD P1 :W0.000000 0,3.33 0.37,3.33 0.37,3.7 0,3.7; 
ADD P1 :W0.000000 0.37,3.33 0.74,3.33 0.74,3.7 0.37,3.7; 
ADD P1 :W0.000000 0.74,3.33 1.11,3.33 1.11,3.7 0.74,3.7; 
ADD P1 :W0.000000 1.11,3.33 1.48,3.33 1.48,3.7 1.11,3.7; 
ADD P1 :W0.000000 1.48,3.33 1.85,3.33 1.85,3.7 1.48,3.7; 
ADD P1 :W0.000000 1.85,3.33 2.22,3.33 2.22,3.7 1.85,3.7; 
ADD P1 :W0.000000 2.22,3.33 2.59,3.33 2.59,3.7 2.22,3.7; 
ADD P1 :W0.000000 2.59,3.33 2.96,3.33 2.96,3.7 2.59,3.7; 
ADD P1 :W0.000000 3.33,3.33 3.7,3.33 3.7,3.7 3.33,3.7; 
ADD P1 :W0.000000 3.7,3.33 4.07,3.33 4.07,3.7 3.7,3.7; 
ADD P1 :W0.000000 4.44,3.33 4.81,3.33 4.81,3.7 4.44,3.7; 
ADD P1 :W0.000000 4.81,3.33 5.18,3.33 5.18,3.7 4.81,3.7; 
ADD P1 :W0.000000 5.18,3.33 5.55,3.33 5.55,3.7 5.18,3.7; 
ADD P1 :W0.000000 5.55,3.33 5.92,3.33 5.92,3.7 5.55,3.7; 
ADD P1 :W0.000000 5.92,3.33 6.29,3.33 6.29,3.7 5.92,3.7; 
ADD P1 :W0.000000 6.29,3.33 6.66,3.33 6.66,3.7 6.29,3.7; 
ADD P1 :W0.000000 6.66,3.33 7.03,3.33 7.03,3.7 6.66,3.7; 
ADD P1 :W0.000000 7.03,3.33 7.4,3.33 7.4,3.7 7.03,3.7; 
ADD P1 :W0.000000 0,2.96 0.37,2.96 0.37,3.33 0,3.33; 
ADD P1 :W0.000000 0.37,2.96 0.74,2.96 0.74,3.33 0.37,3.33; 
ADD P1 :W0.000000 0.74,2.96 1.11,2.96 1.11,3.33 0.74,3.33; 
ADD P1 :W0.000000 1.11,2.96 1.48,2.96 1.48,3.33 1.11,3.33; 
ADD P1 :W0.000000 1.48,2.96 1.85,2.96 1.85,3.33 1.48,3.33; 
ADD P1 :W0.000000 1.85,2.96 2.22,2.96 2.22,3.33 1.85,3.33; 
ADD P1 :W0.000000 2.22,2.96 2.59,2.96 2.59,3.33 2.22,3.33; 
ADD P1 :W0.000000 2.59,2.96 2.96,2.96 2.96,3.33 2.59,3.33; 
ADD P1 :W0.000000 2.96,2.96 3.33,2.96 3.33,3.33 2.96,3.33; 
ADD P1 :W0.000000 3.33,2.96 3.7,2.96 3.7,3.33 3.33,3.33; 
ADD P1 :W0.000000 3.7,2.96 4.07,2.96 4.07,3.33 3.7,3.33; 
ADD P1 :W0.000000 4.07,2.96 4.44,2.96 4.44,3.33 4.07,3.33; 
ADD P1 :W0.000000 4.44,2.96 4.81,2.96 4.81,3.33 4.44,3.33; 
ADD P1 :W0.000000 4.81,2.96 5.18,2.96 5.18,3.33 4.81,3.33; 
ADD P1 :W0.000000 5.18,2.96 5.55,2.96 5.55,3.33 5.18,3.33; 
ADD P1 :W0.000000 5.55,2.96 5.92,2.96 5.92,3.33 5.55,3.33; 
ADD P1 :W0.000000 5.92,2.96 6.29,2.96 6.29,3.33 5.92,3.33; 
ADD P1 :W0.000000 6.29,2.96 6.66,2.96 6.66,3.33 6.29,3.33; 
ADD P1 :W0.000000 6.66,2.96 7.03,2.96 7.03,3.33 6.66,3.33; 
ADD P1 :W0.000000 7.03,2.96 7.4,2.96 7.4,3.33 7.03,3.33; 
ADD P1 :W0.000000 0.37,2.59 0.74,2.59 0.74,2.96 0.37,2.96; 
ADD P1 :W0.000000 0.74,2.59 1.11,2.59 1.11,2.96 0.74,2.96; 
ADD P1 :W0.000000 1.11,2.59 1.48,2.59 1.48,2.96 1.11,2.96; 
ADD P1 :W0.000000 1.48,2.59 1.85,2.59 1.85,2.96 1.48,2.96; 
ADD P1 :W0.000000 1.85,2.59 2.22,2.59 2.22,2.96 1.85,2.96; 
ADD P1 :W0.000000 2.22,2.59 2.59,2.59 2.59,2.96 2.22,2.96; 
ADD P1 :W0.000000 2.59,2.59 2.96,2.59 2.96,2.96 2.59,2.96; 
ADD P1 :W0.000000 2.96,2.59 3.33,2.59 3.33,2.96 2.96,2.96; 
ADD P1 :W0.000000 3.33,2.59 3.7,2.59 3.7,2.96 3.33,2.96; 
ADD P1 :W0.000000 3.7,2.59 4.07,2.59 4.07,2.96 3.7,2.96; 
ADD P1 :W0.000000 4.07,2.59 4.44,2.59 4.44,2.96 4.07,2.96; 
ADD P1 :W0.000000 4.44,2.59 4.81,2.59 4.81,2.96 4.44,2.96; 
ADD P1 :W0.000000 4.81,2.59 5.18,2.59 5.18,2.96 4.81,2.96; 
ADD P1 :W0.000000 5.18,2.59 5.55,2.59 5.55,2.96 5.18,2.96; 
ADD P1 :W0.000000 5.55,2.59 5.92,2.59 5.92,2.96 5.55,2.96; 
ADD P1 :W0.000000 5.92,2.59 6.29,2.59 6.29,2.96 5.92,2.96; 
ADD P1 :W0.000000 6.29,2.59 6.66,2.59 6.66,2.96 6.29,2.96; 
ADD P1 :W0.000000 6.66,2.59 7.03,2.59 7.03,2.96 6.66,2.96; 
ADD P1 :W0.000000 0.37,2.22 0.74,2.22 0.74,2.59 0.37,2.59; 
ADD P1 :W0.000000 0.74,2.22 1.11,2.22 1.11,2.59 0.74,2.59; 
ADD P1 :W0.000000 1.11,2.22 1.48,2.22 1.48,2.59 1.11,2.59; 
ADD P1 :W0.000000 1.48,2.22 1.85,2.22 1.85,2.59 1.48,2.59; 
ADD P1 :W0.000000 1.85,2.22 2.22,2.22 2.22,2.59 1.85,2.59; 
ADD P1 :W0.000000 2.22,2.22 2.59,2.22 2.59,2.59 2.22,2.59; 
ADD P1 :W0.000000 2.59,2.22 2.96,2.22 2.96,2.59 2.59,2.59; 
ADD P1 :W0.000000 2.96,2.22 3.33,2.22 3.33,2.59 2.96,2.59; 
ADD P1 :W0.000000 3.33,2.22 3.7,2.22 3.7,2.59 3.33,2.59; 
ADD P1 :W0.000000 3.7,2.22 4.07,2.22 4.07,2.59 3.7,2.59; 
ADD P1 :W0.000000 4.07,2.22 4.44,2.22 4.44,2.59 4.07,2.59; 
ADD P1 :W0.000000 4.44,2.22 4.81,2.22 4.81,2.59 4.44,2.59; 
ADD P1 :W0.000000 4.81,2.22 5.18,2.22 5.18,2.59 4.81,2.59; 
ADD P1 :W0.000000 5.18,2.22 5.55,2.22 5.55,2.59 5.18,2.59; 
ADD P1 :W0.000000 5.55,2.22 5.92,2.22 5.92,2.59 5.55,2.59; 
ADD P1 :W0.000000 5.92,2.22 6.29,2.22 6.29,2.59 5.92,2.59; 
ADD P1 :W0.000000 6.29,2.22 6.66,2.22 6.66,2.59 6.29,2.59; 
ADD P1 :W0.000000 6.66,2.22 7.03,2.22 7.03,2.59 6.66,2.59; 
ADD P1 :W0.000000 0,1.85 0.37,1.85 0.37,2.22 0,2.22; 
ADD P1 :W0.000000 0.37,1.85 0.74,1.85 0.74,2.22 0.37,2.22; 
ADD P1 :W0.000000 0.74,1.85 1.11,1.85 1.11,2.22 0.74,2.22; 
ADD P1 :W0.000000 1.11,1.85 1.48,1.85 1.48,2.22 1.11,2.22; 
ADD P1 :W0.000000 1.48,1.85 1.85,1.85 1.85,2.22 1.48,2.22; 
ADD P1 :W0.000000 1.85,1.85 2.22,1.85 2.22,2.22 1.85,2.22; 
ADD P1 :W0.000000 2.22,1.85 2.59,1.85 2.59,2.22 2.22,2.22; 
ADD P1 :W0.000000 2.59,1.85 2.96,1.85 2.96,2.22 2.59,2.22; 
ADD P1 :W0.000000 2.96,1.85 3.33,1.85 3.33,2.22 2.96,2.22; 
ADD P1 :W0.000000 3.33,1.85 3.7,1.85 3.7,2.22 3.33,2.22; 
ADD P1 :W0.000000 3.7,1.85 4.07,1.85 4.07,2.22 3.7,2.22; 
ADD P1 :W0.000000 4.07,1.85 4.44,1.85 4.44,2.22 4.07,2.22; 
ADD P1 :W0.000000 4.44,1.85 4.81,1.85 4.81,2.22 4.44,2.22; 
ADD P1 :W0.000000 4.81,1.85 5.18,1.85 5.18,2.22 4.81,2.22; 
ADD P1 :W0.000000 5.18,1.85 5.55,1.85 5.55,2.22 5.18,2.22; 
ADD P1 :W0.000000 5.55,1.85 5.92,1.85 5.92,2.22 5.55,2.22; 
ADD P1 :W0.000000 5.92,1.85 6.29,1.85 6.29,2.22 5.92,2.22; 
ADD P1 :W0.000000 6.29,1.85 6.66,1.85 6.66,2.22 6.29,2.22; 
ADD P1 :W0.000000 6.66,1.85 7.03,1.85 7.03,2.22 6.66,2.22; 
ADD P1 :W0.000000 7.03,1.85 7.4,1.85 7.4,2.22 7.03,2.22; 
ADD P1 :W0.000000 0.37,1.48 0.74,1.48 0.74,1.85 0.37,1.85; 
ADD P1 :W0.000000 0.74,1.48 1.11,1.48 1.11,1.85 0.74,1.85; 
ADD P1 :W0.000000 1.11,1.48 1.48,1.48 1.48,1.85 1.11,1.85; 
ADD P1 :W0.000000 1.48,1.48 1.85,1.48 1.85,1.85 1.48,1.85; 
ADD P1 :W0.000000 1.85,1.48 2.22,1.48 2.22,1.85 1.85,1.85; 
ADD P1 :W0.000000 2.22,1.48 2.59,1.48 2.59,1.85 2.22,1.85; 
ADD P1 :W0.000000 2.59,1.48 2.96,1.48 2.96,1.85 2.59,1.85; 
ADD P1 :W0.000000 2.96,1.48 3.33,1.48 3.33,1.85 2.96,1.85; 
ADD P1 :W0.000000 3.33,1.48 3.7,1.48 3.7,1.85 3.33,1.85; 
ADD P1 :W0.000000 3.7,1.48 4.07,1.48 4.07,1.85 3.7,1.85; 
ADD P1 :W0.000000 4.07,1.48 4.44,1.48 4.44,1.85 4.07,1.85; 
ADD P1 :W0.000000 4.44,1.48 4.81,1.48 4.81,1.85 4.44,1.85; 
ADD P1 :W0.000000 4.81,1.48 5.18,1.48 5.18,1.85 4.81,1.85; 
ADD P1 :W0.000000 5.18,1.48 5.55,1.48 5.55,1.85 5.18,1.85; 
ADD P1 :W0.000000 5.55,1.48 5.92,1.48 5.92,1.85 5.55,1.85; 
ADD P1 :W0.000000 5.92,1.48 6.29,1.48 6.29,1.85 5.92,1.85; 
ADD P1 :W0.000000 6.29,1.48 6.66,1.48 6.66,1.85 6.29,1.85; 
ADD P1 :W0.000000 6.66,1.48 7.03,1.48 7.03,1.85 6.66,1.85; 
ADD P1 :W0.000000 0.37,1.11 0.74,1.11 0.74,1.48 0.37,1.48; 
ADD P1 :W0.000000 0.74,1.11 1.11,1.11 1.11,1.48 0.74,1.48; 
ADD P1 :W0.000000 1.11,1.11 1.48,1.11 1.48,1.48 1.11,1.48; 
ADD P1 :W0.000000 1.48,1.11 1.85,1.11 1.85,1.48 1.48,1.48; 
ADD P1 :W0.000000 1.85,1.11 2.22,1.11 2.22,1.48 1.85,1.48; 
ADD P1 :W0.000000 2.22,1.11 2.59,1.11 2.59,1.48 2.22,1.48; 
ADD P1 :W0.000000 2.59,1.11 2.96,1.11 2.96,1.48 2.59,1.48; 
ADD P1 :W0.000000 2.96,1.11 3.33,1.11 3.33,1.48 2.96,1.48; 
ADD P1 :W0.000000 3.33,1.11 3.7,1.11 3.7,1.48 3.33,1.48; 
ADD P1 :W0.000000 3.7,1.11 4.07,1.11 4.07,1.48 3.7,1.48; 
ADD P1 :W0.000000 4.07,1.11 4.44,1.11 4.44,1.48 4.07,1.48; 
ADD P1 :W0.000000 4.44,1.11 4.81,1.11 4.81,1.48 4.44,1.48; 
ADD P1 :W0.000000 4.81,1.11 5.18,1.11 5.18,1.48 4.81,1.48; 
ADD P1 :W0.000000 5.18,1.11 5.55,1.11 5.55,1.48 5.18,1.48; 
ADD P1 :W0.000000 5.55,1.11 5.92,1.11 5.92,1.48 5.55,1.48; 
ADD P1 :W0.000000 5.92,1.11 6.29,1.11 6.29,1.48 5.92,1.48; 
ADD P1 :W0.000000 6.29,1.11 6.66,1.11 6.66,1.48 6.29,1.48; 
ADD P1 :W0.000000 6.66,1.11 7.03,1.11 7.03,1.48 6.66,1.48; 
ADD P1 :W0.000000 0,0.74 0.37,0.74 0.37,1.11 0,1.11; 
ADD P1 :W0.000000 0.37,0.74 0.74,0.74 0.74,1.11 0.37,1.11; 
ADD P1 :W0.000000 0.74,0.74 1.11,0.74 1.11,1.11 0.74,1.11; 
ADD P1 :W0.000000 1.11,0.74 1.48,0.74 1.48,1.11 1.11,1.11; 
ADD P1 :W0.000000 1.48,0.74 1.85,0.74 1.85,1.11 1.48,1.11; 
ADD P1 :W0.000000 1.85,0.74 2.22,0.74 2.22,1.11 1.85,1.11; 
ADD P1 :W0.000000 2.22,0.74 2.59,0.74 2.59,1.11 2.22,1.11; 
ADD P1 :W0.000000 2.59,0.74 2.96,0.74 2.96,1.11 2.59,1.11; 
ADD P1 :W0.000000 2.96,0.74 3.33,0.74 3.33,1.11 2.96,1.11; 
ADD P1 :W0.000000 3.33,0.74 3.7,0.74 3.7,1.11 3.33,1.11; 
ADD P1 :W0.000000 3.7,0.74 4.07,0.74 4.07,1.11 3.7,1.11; 
ADD P1 :W0.000000 4.07,0.74 4.44,0.74 4.44,1.11 4.07,1.11; 
ADD P1 :W0.000000 4.44,0.74 4.81,0.74 4.81,1.11 4.44,1.11; 
ADD P1 :W0.000000 4.81,0.74 5.18,0.74 5.18,1.11 4.81,1.11; 
ADD P1 :W0.000000 5.18,0.74 5.55,0.74 5.55,1.11 5.18,1.11; 
ADD P1 :W0.000000 5.55,0.74 5.92,0.74 5.92,1.11 5.55,1.11; 
ADD P1 :W0.000000 5.92,0.74 6.29,0.74 6.29,1.11 5.92,1.11; 
ADD P1 :W0.000000 6.29,0.74 6.66,0.74 6.66,1.11 6.29,1.11; 
ADD P1 :W0.000000 6.66,0.74 7.03,0.74 7.03,1.11 6.66,1.11; 
ADD P1 :W0.000000 7.03,0.74 7.4,0.74 7.4,1.11 7.03,1.11; 
ADD P1 :W0.000000 0,0.37 0.37,0.37 0.37,0.74 0,0.74; 
ADD P1 :W0.000000 0.37,0.37 0.74,0.37 0.74,0.74 0.37,0.74; 
ADD P1 :W0.000000 0.74,0.37 1.11,0.37 1.11,0.74 0.74,0.74; 
ADD P1 :W0.000000 1.11,0.37 1.48,0.37 1.48,0.74 1.11,0.74; 
ADD P1 :W0.000000 1.48,0.37 1.85,0.37 1.85,0.74 1.48,0.74; 
ADD P1 :W0.000000 1.85,0.37 2.22,0.37 2.22,0.74 1.85,0.74; 
ADD P1 :W0.000000 2.22,0.37 2.59,0.37 2.59,0.74 2.22,0.74; 
ADD P1 :W0.000000 2.59,0.37 2.96,0.37 2.96,0.74 2.59,0.74; 
ADD P1 :W0.000000 2.96,0.37 3.33,0.37 3.33,0.74 2.96,0.74; 
ADD P1 :W0.000000 3.33,0.37 3.7,0.37 3.7,0.74 3.33,0.74; 
ADD P1 :W0.000000 3.7,0.37 4.07,0.37 4.07,0.74 3.7,0.74; 
ADD P1 :W0.000000 4.07,0.37 4.44,0.37 4.44,0.74 4.07,0.74; 
ADD P1 :W0.000000 4.44,0.37 4.81,0.37 4.81,0.74 4.44,0.74; 
ADD P1 :W0.000000 4.81,0.37 5.18,0.37 5.18,0.74 4.81,0.74; 
ADD P1 :W0.000000 5.18,0.37 5.55,0.37 5.55,0.74 5.18,0.74; 
ADD P1 :W0.000000 5.55,0.37 5.92,0.37 5.92,0.74 5.55,0.74; 
ADD P1 :W0.000000 5.92,0.37 6.29,0.37 6.29,0.74 5.92,0.74; 
ADD P1 :W0.000000 6.29,0.37 6.66,0.37 6.66,0.74 6.29,0.74; 
ADD P1 :W0.000000 6.66,0.37 7.03,0.37 7.03,0.74 6.66,0.74; 
ADD P1 :W0.000000 7.03,0.37 7.4,0.37 7.4,0.74 7.03,0.74; 
ADD P1 :W0.000000 0,0 0.37,0 0.37,0.37 0,0.37; 
ADD P1 :W0.000000 0.37,0 0.74,0 0.74,0.37 0.37,0.37; 
ADD P1 :W0.000000 0.74,0 1.11,0 1.11,0.37 0.74,0.37; 
ADD P1 :W0.000000 1.11,0 1.48,0 1.48,0.37 1.11,0.37; 
ADD P1 :W0.000000 1.48,0 1.85,0 1.85,0.37 1.48,0.37; 
ADD P1 :W0.000000 1.85,0 2.22,0 2.22,0.37 1.85,0.37; 
ADD P1 :W0.000000 2.22,0 2.59,0 2.59,0.37 2.22,0.37; 
ADD P1 :W0.000000 2.59,0 2.96,0 2.96,0.37 2.59,0.37; 
ADD P1 :W0.000000 3.33,0 3.7,0 3.7,0.37 3.33,0.37; 
ADD P1 :W0.000000 3.7,0 4.07,0 4.07,0.37 3.7,0.37; 
ADD P1 :W0.000000 4.44,0 4.81,0 4.81,0.37 4.44,0.37; 
ADD P1 :W0.000000 4.81,0 5.18,0 5.18,0.37 4.81,0.37; 
ADD P1 :W0.000000 5.18,0 5.55,0 5.55,0.37 5.18,0.37; 
ADD P1 :W0.000000 5.55,0 5.92,0 5.92,0.37 5.55,0.37; 
ADD P1 :W0.000000 5.92,0 6.29,0 6.29,0.37 5.92,0.37; 
ADD P1 :W0.000000 6.29,0 6.66,0 6.66,0.37 6.29,0.37; 
ADD P1 :W0.000000 6.66,0 7.03,0 7.03,0.37 6.66,0.37; 
ADD P1 :W0.000000 7.03,0 7.4,0 7.4,0.37 7.03,0.37; 
SAVE; 
