UNITS MM,10000; 
EDIT proj; 
ADD P1 :W0.000000 0,0 0,0.2032 0.2032,0 0.2032,0.2032; 
ADD P1 :W0.000000 0.2032,0 0.2032,0.2032 0.4064,0 0.4064,0.2032; 
ADD P1 :W0.000000 0.6096,0 0.6096,0.2032 0.8128,0 0.8128,0.2032; 
ADD P1 :W0.000000 1.016,0 1.016,0.2032 1.2192,0 1.2192,0.2032; 
ADD P1 :W0.000000 1.2192,0 1.2192,0.2032 1.4224,0 1.4224,0.2032; 
ADD P1 :W0.000000 1.4224,0 1.4224,0.2032 1.6256,0 1.6256,0.2032; 
ADD P1 :W0.000000 1.6256,0 1.6256,0.2032 1.8288,0 1.8288,0.2032; 
ADD P1 :W0.000000 1.8288,0 1.8288,0.2032 2.032,0 2.032,0.2032; 
ADD P1 :W0.000000 0,0.2032 0,0.4064 0.2032,0.2032 0.2032,0.4064; 
ADD P1 :W0.000000 0.2032,0.2032 0.2032,0.4064 0.4064,0.2032 0.4064,0.4064; 
ADD P1 :W0.000000 1.4224,0.2032 1.4224,0.4064 1.6256,0.2032 1.6256,0.4064; 
ADD P1 :W0.000000 1.6256,0.2032 1.6256,0.4064 1.8288,0.2032 1.8288,0.4064; 
ADD P1 :W0.000000 0,0.4064 0,0.6096 0.2032,0.4064 0.2032,0.6096; 
ADD P1 :W0.000000 0.2032,0.4064 0.2032,0.6096 0.4064,0.4064 0.4064,0.6096; 
ADD P1 :W0.000000 0.6096,0.4064 0.6096,0.6096 0.8128,0.4064 0.8128,0.6096; 
ADD P1 :W0.000000 0.8128,0.4064 0.8128,0.6096 1.016,0.4064 1.016,0.6096; 
ADD P1 :W0.000000 1.016,0.4064 1.016,0.6096 1.2192,0.4064 1.2192,0.6096; 
ADD P1 :W0.000000 1.2192,0.4064 1.2192,0.6096 1.4224,0.4064 1.4224,0.6096; 
ADD P1 :W0.000000 1.6256,0.4064 1.6256,0.6096 1.8288,0.4064 1.8288,0.6096; 
ADD P1 :W0.000000 0.2032,0.6096 0.2032,0.8128 0.4064,0.6096 0.4064,0.8128; 
ADD P1 :W0.000000 0.4064,0.6096 0.4064,0.8128 0.6096,0.6096 0.6096,0.8128; 
ADD P1 :W0.000000 0.6096,0.6096 0.6096,0.8128 0.8128,0.6096 0.8128,0.8128; 
ADD P1 :W0.000000 1.016,0.6096 1.016,0.8128 1.2192,0.6096 1.2192,0.8128; 
ADD P1 :W0.000000 1.4224,0.6096 1.4224,0.8128 1.6256,0.6096 1.6256,0.8128; 
ADD P1 :W0.000000 0.2032,0.8128 0.2032,1.016 0.4064,0.8128 0.4064,1.016; 
ADD P1 :W0.000000 0.4064,0.8128 0.4064,1.016 0.6096,0.8128 0.6096,1.016; 
ADD P1 :W0.000000 0.6096,0.8128 0.6096,1.016 0.8128,0.8128 0.8128,1.016; 
ADD P1 :W0.000000 1.2192,0.8128 1.2192,1.016 1.4224,0.8128 1.4224,1.016; 
ADD P1 :W0.000000 1.8288,0.8128 1.8288,1.016 2.032,0.8128 2.032,1.016; 
ADD P1 :W0.000000 0.2032,1.016 0.2032,1.2192 0.4064,1.016 0.4064,1.2192; 
ADD P1 :W0.000000 0.4064,1.016 0.4064,1.2192 0.6096,1.016 0.6096,1.2192; 
ADD P1 :W0.000000 0.8128,1.016 0.8128,1.2192 1.016,1.016 1.016,1.2192; 
ADD P1 :W0.000000 1.4224,1.016 1.4224,1.2192 1.6256,1.016 1.6256,1.2192; 
ADD P1 :W0.000000 0,1.2192 0,1.4224 0.2032,1.2192 0.2032,1.4224; 
ADD P1 :W0.000000 0.4064,1.2192 0.4064,1.4224 0.6096,1.2192 0.6096,1.4224; 
ADD P1 :W0.000000 1.2192,1.2192 1.2192,1.4224 1.4224,1.2192 1.4224,1.4224; 
ADD P1 :W0.000000 1.4224,1.2192 1.4224,1.4224 1.6256,1.2192 1.6256,1.4224; 
ADD P1 :W0.000000 1.6256,1.2192 1.6256,1.4224 1.8288,1.2192 1.8288,1.4224; 
ADD P1 :W0.000000 0,1.4224 0,1.6256 0.2032,1.4224 0.2032,1.6256; 
ADD P1 :W0.000000 0.4064,1.4224 0.4064,1.6256 0.6096,1.4224 0.6096,1.6256; 
ADD P1 :W0.000000 0.6096,1.4224 0.6096,1.6256 0.8128,1.4224 0.8128,1.6256; 
ADD P1 :W0.000000 1.2192,1.4224 1.2192,1.6256 1.4224,1.4224 1.4224,1.6256; 
ADD P1 :W0.000000 1.6256,1.4224 1.6256,1.6256 1.8288,1.4224 1.8288,1.6256; 
ADD P1 :W0.000000 0.6096,1.6256 0.6096,1.8288 0.8128,1.6256 0.8128,1.8288; 
ADD P1 :W0.000000 0.8128,1.6256 0.8128,1.8288 1.016,1.6256 1.016,1.8288; 
ADD P1 :W0.000000 1.4224,1.6256 1.4224,1.8288 1.6256,1.6256 1.6256,1.8288; 
ADD P1 :W0.000000 1.6256,1.6256 1.6256,1.8288 1.8288,1.6256 1.8288,1.8288; 
ADD P1 :W0.000000 0,1.8288 0,2.032 0.2032,1.8288 0.2032,2.032; 
ADD P1 :W0.000000 0.6096,1.8288 0.6096,2.032 0.8128,1.8288 0.8128,2.032; 
ADD P1 :W0.000000 1.4224,1.8288 1.4224,2.032 1.6256,1.8288 1.6256,2.032; 
SAVE; 
